L =

   2.7825e+00   2.9680e+00   3.9302e+00   5.7528e+00   6.1363e+00
  -1.0780e+00   7.3062e-01   3.1658e+00   4.1922e+00   8.2490e+00
   2.9680e+00   3.1658e+00   7.7933e-01   5.1900e+00   7.1718e+00
  -1.1499e+00  -1.1499e+00   3.3229e+00   3.3769e+00   4.4717e+00
   2.9680e+00   3.1658e+00   4.1922e+00  -8.3128e-01   5.5360e+00
   3.1658e+00  -1.1499e+00   3.3769e+00  -1.2265e+00   1.2086e+01
   3.1658e+00   3.3769e+00  -1.2265e+00   8.5815e+00   9.5936e+00
   3.3769e+00  -1.2265e+00   3.5444e+00   3.5444e+00   3.6020e+00
   3.5131e+00   3.1658e+00   4.1922e+00   8.2490e+00  -8.8670e-01
   1.8181e+00   3.3229e+00   3.3769e+00   4.4717e+00   3.7799e+00
   1.8181e+00   3.3769e+00  -1.2265e+00   1.2086e+01   5.4493e+00
  -1.2265e+00   3.5444e+00   3.5444e+00   3.6020e+00  -1.3083e+00
   6.2908e+00   3.3769e+00   4.4717e+00   3.7799e+00   9.1536e+00
   3.5444e+00   3.5444e+00   3.6020e+00  -1.3083e+00   9.5227e+00
   6.7102e+00   3.6020e+00  -1.3083e+00   9.5227e+00   4.9868e+00
   3.7807e+00   3.7807e+00   3.7807e+00   3.7807e+00   3.7807e+00


R =

  1.7977e+308  1.6853e+308  1.5800e+308   9.8187e+00   6.8452e+00
  1.7977e+308  1.7977e+308  1.6853e+308   1.1674e+01   4.8053e+00
  1.7977e+308  -1.0780e+00  1.6853e+308   9.9656e+00   3.3040e+00
            0   2.9680e+00  1.7977e+308   1.2119e+01   5.7761e+00
  1.7977e+308  1.6853e+308  -1.0106e+00   4.7478e+00   9.3427e+00
            0  1.7977e+308  -1.0106e+00   5.5115e+00   4.2425e+00
  1.7977e+308            0   2.7825e+00   5.2128e+00   2.4886e+00
            0            0  -1.1499e+00   1.0061e+01   8.0465e+00
  1.7977e+308  1.6853e+308   6.2810e+00  -9.4747e-01   2.3938e+00
            0  1.7977e+308   7.2531e+00  -9.4747e-01  -2.0578e+00
  1.7977e+308            0   6.2908e+00  -9.4747e-01   1.2190e+00
            0            0   2.0159e+00  -9.4747e-01   7.7173e+00
  1.7977e+308   3.3229e+00            0  -1.2265e+00   4.8870e+00
            0   3.1658e+00            0   2.6086e+00   3.8090e+00
            0            0            0  -1.0780e+00   2.5338e+00
            0            0            0  -1.0780e+00   3.5971e+00


L =

   4.7401e+00   5.0562e+00   5.3932e+00   5.7528e+00   6.1363e+00
   2.4296e+00  -7.3062e-01   4.8656e+00   3.3040e+00   8.2490e+00
   7.6440e+00   9.8396e+00  -7.7933e-01   5.1900e+00   7.1718e+00
   5.6329e+00   2.5916e+00   4.2654e+00   2.4886e+00   4.4717e+00
   9.3017e+00   8.1536e+00   1.0496e+01  -8.3128e-01   5.5360e+00
   9.8615e+00   4.1218e-01   1.1809e+01   1.2190e+00   1.2086e+01
   9.7201e+00   9.6073e+00   2.7643e+00   7.9169e+00   9.5936e+00
   6.9167e+00   6.0084e+00   7.9273e+00   2.5338e+00   3.6020e+00
   4.0095e+00   9.9218e+00   8.6972e+00   1.4002e+01  -8.8670e-01
   1.1816e+01   3.5347e+00   7.3543e+00   1.1195e+01   3.7799e+00
   8.0562e+00   1.0798e+01   4.3966e-01   1.7276e+01   5.4493e+00
   6.0084e+00   1.0519e+01   9.9559e+00   1.2596e+01  -1.3083e+00
   1.2836e+01   1.5508e+01   1.0248e+01   2.9486e+00   9.1536e+00
   1.0519e+01   1.0368e+01   1.1649e+01   3.8004e+00   9.5227e+00
   2.4907e+01   1.1649e+01   6.4090e+00   1.4410e+01   4.9868e+00
   7.3778e+00   7.3778e+00   7.3778e+00   8.4558e+00   3.7807e+00


R =

  1.7977e+308  1.6853e+308  1.5800e+308   1.8104e+01   9.7354e+00
  1.7977e+308  1.7977e+308  1.6853e+308   2.1400e+01   7.8882e+00
  1.7977e+308   2.4296e+00  1.6853e+308   1.9090e+01   6.1941e+00
            0   9.2246e+00  1.7977e+308   2.2739e+01   8.8589e+00
  1.7977e+308  1.6853e+308   2.2777e+00   2.2671e+01   1.3333e+01
            0  1.7977e+308   2.2777e+00   2.2184e+01   7.3254e+00
  1.7977e+308            0   7.4319e+00   1.6392e+01   5.3788e+00
            0            0   2.5916e+00   2.2373e+01   1.1129e+01
  1.7977e+308  1.6853e+308   1.6007e+01   2.1354e+00   6.8839e+00
            0  1.7977e+308   1.7874e+01   2.1354e+00   2.7316e+00
  1.7977e+308            0   2.2964e+01   2.1354e+00   1.3650e+00
            0            0   1.4951e+01   2.1354e+00   7.8730e+00
  1.7977e+308   9.7201e+00            0   3.5629e+00   1.1205e+01
            0   1.4539e+01            0   2.7643e+00   1.1011e+01
            0            0            0   2.4296e+00   5.8221e+00
            0            0            0   2.4296e+00   7.1047e+00


L =

   4.7401e+00   5.0562e+00   5.3932e+00   5.7528e+00   6.1363e+00
   2.4296e+00  -7.3062e-01   4.8656e+00   6.1941e+00   8.2490e+00
   1.0184e+01   9.8396e+00  -7.7933e-01   5.1900e+00   7.1718e+00
   5.7698e+00   2.5916e+00   8.0452e+00   5.3788e+00   4.4717e+00
   9.3017e+00   1.0863e+01   1.0496e+01  -8.3128e-01   5.5360e+00
   9.8615e+00   5.4910e-01   1.1809e+01   1.3650e+00   1.2086e+01
   1.2440e+01   1.2497e+01   2.7643e+00   8.5815e+00   9.5936e+00
   1.0205e+01   6.1545e+00   7.9273e+00   4.6751e+00   3.6020e+00
   4.0095e+00   9.9218e+00   1.1587e+01   1.4002e+01  -8.8670e-01
   1.1816e+01   7.3145e+00   1.0244e+01   1.1195e+01   3.7799e+00
   1.0733e+01   1.4086e+01   5.8570e-01   1.7276e+01   5.4493e+00
   6.1545e+00   1.0519e+01   1.2720e+01   1.2596e+01  -1.3083e+00
   1.6616e+01   2.1108e+01   1.3331e+01   2.9486e+00   9.1536e+00
   1.0519e+01   1.3269e+01   1.4731e+01   3.8004e+00   9.5227e+00
   3.3058e+01   1.4731e+01   6.5647e+00   1.8104e+01   4.9868e+00
   1.0885e+01   1.0885e+01   1.0885e+01   8.4558e+00   3.7807e+00


R =

  1.7977e+308  1.6853e+308  1.5800e+308   2.5745e+01   9.7354e+00
  1.7977e+308  1.7977e+308  1.6853e+308   2.6660e+01   7.8882e+00
  1.7977e+308   2.4296e+00  1.6853e+308   2.6889e+01   6.1941e+00
            0   9.2246e+00  1.7977e+308   2.8169e+01   8.8589e+00
  1.7977e+308  1.6853e+308   2.2777e+00   2.9852e+01   1.3333e+01
            0  1.7977e+308   2.2777e+00   2.9698e+01   7.3254e+00
  1.7977e+308            0   7.4319e+00   2.3449e+01   5.3788e+00
            0            0   2.5916e+00   2.8383e+01   1.1129e+01
  1.7977e+308  1.6853e+308   2.1267e+01   2.1354e+00   6.8839e+00
            0  1.7977e+308   2.3303e+01   2.1354e+00   2.7316e+00
  1.7977e+308            0   3.0477e+01   2.1354e+00   1.3650e+00
            0            0   2.0337e+01   2.1354e+00   7.8730e+00
  1.7977e+308   1.2440e+01            0   3.5629e+00   1.1205e+01
            0   1.9788e+01            0   2.7643e+00   1.1011e+01
            0            0            0   2.4296e+00   5.8221e+00
            0            0            0   2.4296e+00   7.1047e+00


L =

   4.7401e+00   5.0562e+00   5.3932e+00   5.7528e+00   6.1363e+00
   2.4296e+00  -7.3062e-01   4.8656e+00   6.1941e+00   8.2490e+00
   1.0184e+01   9.8396e+00  -7.7933e-01   5.1900e+00   7.1718e+00
   5.7698e+00   2.5916e+00   8.0452e+00   5.3788e+00   4.4717e+00
   9.3017e+00   1.0863e+01   1.0496e+01  -8.3128e-01   5.5360e+00
   9.8615e+00   5.4910e-01   1.1809e+01   1.3650e+00   1.2086e+01
   1.2440e+01   1.2497e+01   2.7643e+00   8.5815e+00   9.5936e+00
   1.0205e+01   6.1545e+00   7.9273e+00   4.6751e+00   3.6020e+00
   4.0095e+00   9.9218e+00   1.1587e+01   1.4002e+01  -8.8670e-01
   1.1816e+01   7.3145e+00   1.0244e+01   1.1195e+01   3.7799e+00
   1.0733e+01   1.4086e+01   5.8570e-01   1.7276e+01   5.4493e+00
   6.1545e+00   1.0519e+01   1.2720e+01   1.2596e+01  -1.3083e+00
   1.6616e+01   2.1108e+01   1.3331e+01   2.9486e+00   9.1536e+00
   1.0519e+01   1.3269e+01   1.4731e+01   3.8004e+00   9.5227e+00
   3.3058e+01   1.4731e+01   6.5647e+00   1.8104e+01   4.9868e+00
   1.0885e+01   1.0885e+01   1.0885e+01   8.4558e+00   3.7807e+00


